15 2
87
14
49
19
72
74
44
45
66
96
#9
51
56
52
31
5 6
725323
2241#9
882498
837778
71#3#3
5 6
868234
5#4573
396971
727641
638635
5 6
135877
263664
993646
227743
461516
2 15
1824#3967348959
457#221#189169#
6 5
22326
91141
13962
#3356
47343
74386
6 5
5859#
#2784
41481
33834
34346
2171#
10 3
578
669
184
884
714
115
963
241
621
447
15 2
16
76
11
75
9#
96
94
57
68
49
15
18
98
65
62
15 2
72
77
#2
62
96
27
17
88
2#
18
23
49
53
85
3#
15 2
#9
#9
94
93
44
98
45
58
15
89
81
#3
#3
11
41
5 6
596367
4384#5
887583
341998
4#5#66
3 10
843#574417
6114151881
459252#456
5 6
#1246#
42#779
832479
388256
6433#4
2 15
672541976739647
422258612648873
2 15
412921722746275
81536368##71198
2 15
928485329375236
7#7396753735633
5 6
#23285
692#78
245351
459311
558986
10 3
989
526
413
942
113
881
266
691
396
723
3 10
8516124336
6927711214
5371884282
6 5
26#49
91891
285#3
#6316
31428
251#5
3 10
#951588863
7613845339
3773789571
5 6
551997
619#31
241751
178347
638268
3 10
261438#667
7789345161
7##9977315
3 10
#551845799
8888791987
4827964529
0 0
